find safe way: 1
231 231 231 231 231 231 231 231 231 231 231 231 231 231 231 231 231 231 231 231 
231 231 462 2 3 4 5 6 7 8 9 10 11 12 13 14 15 16 17 231 
231 3 2 1 2 3 4 5 6 7 8 9 10 11 12 13 14 15 16 231 
231 2 1 0 1 2 3 4 5 6 7 8 9 10 11 12 13 14 15 231 
231 3 2 1 2 3 4 5 6 7 8 9 10 11 12 13 14 15 16 231 
231 4 3 2 3 4 5 6 7 8 9 10 11 12 13 14 15 16 17 231 
231 5 4 3 4 5 6 7 8 9 10 11 12 13 14 15 16 17 18 231 
231 6 5 4 5 6 7 8 9 10 11 12 13 14 15 16 17 18 19 231 
231 7 6 5 6 7 8 9 10 11 12 13 14 15 16 17 18 19 20 231 
231 231 231 231 231 231 231 231 231 231 231 231 231 231 231 231 231 231 231 231 
# # # # # # # # # # # # # # # # # # # # 
# # + 2 3 4 5 6 7 8 9 10 11 12 13 14 15 16 17 # 
# 3 2 1 2 3 4 5 6 7 8 9 10 11 12 13 14 15 16 # 
# 2 1 0 1 2 3 4 5 6 7 8 9 10 11 12 13 14 15 # 
# 3 2 1 2 3 4 5 6 7 8 9 10 11 12 13 14 15 16 # 
# 4 3 2 3 4 5 6 7 8 9 10 11 12 13 14 15 16 17 # 
# 5 4 3 4 5 6 7 8 9 10 11 12 13 14 15 16 17 18 # 
# 6 5 4 5 6 7 8 9 10 11 12 13 14 15 16 17 18 19 # 
# 7 6 5 6 7 8 9 10 11 12 13 14 15 16 17 18 19 20 # 
# # # # # # # # # # # # # # # # # # # # 

find safe way: 1
231 231 231 231 231 231 231 231 231 231 231 231 231 231 231 231 231 231 231 231 
231 4 231 462 3 4 5 6 7 8 9 10 11 12 13 14 15 16 17 231 
231 3 2 1 2 3 4 5 6 7 8 9 10 11 12 13 14 15 16 231 
231 2 1 0 1 2 3 4 5 6 7 8 9 10 11 12 13 14 15 231 
231 3 2 1 2 3 4 5 6 7 8 9 10 11 12 13 14 15 16 231 
231 4 3 2 3 4 5 6 7 8 9 10 11 12 13 14 15 16 17 231 
231 5 4 3 4 5 6 7 8 9 10 11 12 13 14 15 16 17 18 231 
231 6 5 4 5 6 7 8 9 10 11 12 13 14 15 16 17 18 19 231 
231 7 6 5 6 7 8 9 10 11 12 13 14 15 16 17 18 19 20 231 
231 231 231 231 231 231 231 231 231 231 231 231 231 231 231 231 231 231 231 231 
# # # # # # # # # # # # # # # # # # # # 
# 4 # + 3 4 5 6 7 8 9 10 11 12 13 14 15 16 17 # 
# 3 2 1 2 3 4 5 6 7 8 9 10 11 12 13 14 15 16 # 
# 2 1 0 1 2 3 4 5 6 7 8 9 10 11 12 13 14 15 # 
# 3 2 1 2 3 4 5 6 7 8 9 10 11 12 13 14 15 16 # 
# 4 3 2 3 4 5 6 7 8 9 10 11 12 13 14 15 16 17 # 
# 5 4 3 4 5 6 7 8 9 10 11 12 13 14 15 16 17 18 # 
# 6 5 4 5 6 7 8 9 10 11 12 13 14 15 16 17 18 19 # 
# 7 6 5 6 7 8 9 10 11 12 13 14 15 16 17 18 19 20 # 
# # # # # # # # # # # # # # # # # # # # 

find safe way: 20
231 231 231 231 231 231 231 231 231 231 231 231 231 231 231 231 231 231 231 231 
231 4 3 231 3 4 5 6 7 8 9 10 11 12 13 14 15 16 17 231 
231 3 2 462 2 3 4 5 6 7 8 9 10 11 12 13 14 15 16 231 
231 2 1 0 1 2 3 4 5 6 7 8 9 10 11 12 13 14 15 231 
231 3 2 1 2 3 4 5 6 7 8 9 10 11 12 13 14 15 16 231 
231 4 3 2 3 4 5 6 7 8 9 10 11 12 13 14 15 16 17 231 
231 5 4 3 4 5 6 7 8 9 10 11 12 13 14 15 16 17 18 231 
231 6 5 4 5 6 7 8 9 10 11 12 13 14 15 16 17 18 19 231 
231 7 6 5 6 7 8 9 10 11 12 13 14 15 16 17 18 19 20 231 
231 231 231 231 231 231 231 231 231 231 231 231 231 231 231 231 231 231 231 231 
# # # # # # # # # # # # # # # # # # # # 
# 4 3 # 3 4 5 6 7 8 9 10 11 12 13 14 15 16 17 # 
# 3 2 + 2 3 4 5 6 7 8 9 10 11 12 13 14 15 16 # 
# 2 1 0 1 2 3 4 5 6 7 8 9 10 11 12 13 14 15 # 
# 3 2 1 2 3 4 5 6 7 8 9 10 11 12 13 14 15 16 # 
# 4 3 2 3 4 5 6 7 8 9 10 11 12 13 14 15 16 17 # 
# 5 4 3 4 5 6 7 8 9 10 11 12 13 14 15 16 17 18 # 
# 6 5 4 5 6 7 8 9 10 11 12 13 14 15 16 17 18 19 # 
# 7 6 5 6 7 8 9 10 11 12 13 14 15 16 17 18 19 20 # 
# # # # # # # # # # # # # # # # # # # # 

find safe way: 20
231 231 231 231 231 231 231 231 231 231 231 231 231 231 231 231 231 231 231 231 
231 4 3 4 3 4 5 6 7 8 9 10 11 12 13 14 15 16 17 231 
231 3 2 462 2 3 4 5 6 7 8 9 10 11 12 13 14 15 16 231 
231 2 1 462 1 2 3 4 5 6 7 8 9 10 11 12 13 14 15 231 
231 3 2 1 2 3 4 5 6 7 8 9 10 11 12 13 14 15 16 231 
231 4 3 2 3 4 5 6 7 8 9 10 11 12 13 14 15 16 17 231 
231 5 4 3 4 5 6 7 8 9 10 11 12 13 14 15 16 17 18 231 
231 6 5 4 5 6 7 8 9 10 11 12 13 14 15 16 17 18 19 231 
231 7 6 5 6 7 8 9 10 11 12 13 14 15 16 17 18 19 20 231 
231 231 231 231 231 231 231 231 231 231 231 231 231 231 231 231 231 231 231 231 
# # # # # # # # # # # # # # # # # # # # 
# 4 3 4 3 4 5 6 7 8 9 10 11 12 13 14 15 16 17 # 
# 3 2 - 2 3 4 5 6 7 8 9 10 11 12 13 14 15 16 # 
# 2 1 + 1 2 3 4 5 6 7 8 9 10 11 12 13 14 15 # 
# 3 2 1 2 3 4 5 6 7 8 9 10 11 12 13 14 15 16 # 
# 4 3 2 3 4 5 6 7 8 9 10 11 12 13 14 15 16 17 # 
# 5 4 3 4 5 6 7 8 9 10 11 12 13 14 15 16 17 18 # 
# 6 5 4 5 6 7 8 9 10 11 12 13 14 15 16 17 18 19 # 
# 7 6 5 6 7 8 9 10 11 12 13 14 15 16 17 18 19 20 # 
# # # # # # # # # # # # # # # # # # # # 

find safe way: 1
231 231 231 231 231 231 231 231 231 231 231 231 231 231 231 231 231 231 231 231 
231 20 19 18 17 16 15 14 13 12 11 10 9 8 7 6 5 4 3 231 
231 19 18 231 16 15 14 13 12 11 10 9 8 7 6 5 4 3 2 231 
231 18 17 462 462 14 13 12 11 10 9 8 7 6 5 4 3 2 1 231 
231 17 16 15 14 13 12 11 10 9 8 7 6 5 4 3 2 1 0 231 
231 18 17 16 15 14 13 12 11 10 9 8 7 6 5 4 3 2 1 231 
231 19 18 17 16 15 14 13 12 11 10 9 8 7 6 5 4 3 2 231 
231 20 19 18 17 16 15 14 13 12 11 10 9 8 7 6 5 4 3 231 
231 21 20 19 18 17 16 15 14 13 12 11 10 9 8 7 6 5 4 231 
231 231 231 231 231 231 231 231 231 231 231 231 231 231 231 231 231 231 231 231 
# # # # # # # # # # # # # # # # # # # # 
# 20 19 18 17 16 15 14 13 12 11 10 9 8 7 6 5 4 3 # 
# 19 18 # 16 15 14 13 12 11 10 9 8 7 6 5 4 3 2 # 
# 18 17 - + 14 13 12 11 10 9 8 7 6 5 4 3 2 1 # 
# 17 16 15 14 13 12 11 10 9 8 7 6 5 4 3 2 1 0 # 
# 18 17 16 15 14 13 12 11 10 9 8 7 6 5 4 3 2 1 # 
# 19 18 17 16 15 14 13 12 11 10 9 8 7 6 5 4 3 2 # 
# 20 19 18 17 16 15 14 13 12 11 10 9 8 7 6 5 4 3 # 
# 21 20 19 18 17 16 15 14 13 12 11 10 9 8 7 6 5 4 # 
# # # # # # # # # # # # # # # # # # # # 

find safe way: 1
231 231 231 231 231 231 231 231 231 231 231 231 231 231 231 231 231 231 231 231 
231 20 19 18 17 16 15 14 13 12 11 10 9 8 7 6 5 4 3 231 
231 19 18 17 16 15 14 13 12 11 10 9 8 7 6 5 4 3 2 231 
231 18 17 231 462 462 13 12 11 10 9 8 7 6 5 4 3 2 1 231 
231 17 16 15 14 13 12 11 10 9 8 7 6 5 4 3 2 1 0 231 
231 18 17 16 15 14 13 12 11 10 9 8 7 6 5 4 3 2 1 231 
231 19 18 17 16 15 14 13 12 11 10 9 8 7 6 5 4 3 2 231 
231 20 19 18 17 16 15 14 13 12 11 10 9 8 7 6 5 4 3 231 
231 21 20 19 18 17 16 15 14 13 12 11 10 9 8 7 6 5 4 231 
231 231 231 231 231 231 231 231 231 231 231 231 231 231 231 231 231 231 231 231 
# # # # # # # # # # # # # # # # # # # # 
# 20 19 18 17 16 15 14 13 12 11 10 9 8 7 6 5 4 3 # 
# 19 18 17 16 15 14 13 12 11 10 9 8 7 6 5 4 3 2 # 
# 18 17 # - + 13 12 11 10 9 8 7 6 5 4 3 2 1 # 
# 17 16 15 14 13 12 11 10 9 8 7 6 5 4 3 2 1 0 # 
# 18 17 16 15 14 13 12 11 10 9 8 7 6 5 4 3 2 1 # 
# 19 18 17 16 15 14 13 12 11 10 9 8 7 6 5 4 3 2 # 
# 20 19 18 17 16 15 14 13 12 11 10 9 8 7 6 5 4 3 # 
# 21 20 19 18 17 16 15 14 13 12 11 10 9 8 7 6 5 4 # 
# # # # # # # # # # # # # # # # # # # # 

find safe way: 1
231 231 231 231 231 231 231 231 231 231 231 231 231 231 231 231 231 231 231 231 
231 20 19 18 17 16 15 14 13 12 11 10 9 8 7 6 5 4 3 231 
231 19 18 17 16 15 14 13 12 11 10 9 8 7 6 5 4 3 2 231 
231 18 17 16 231 462 462 12 11 10 9 8 7 6 5 4 3 2 1 231 
231 17 16 15 14 13 12 11 10 9 8 7 6 5 4 3 2 1 0 231 
231 18 17 16 15 14 13 12 11 10 9 8 7 6 5 4 3 2 1 231 
231 19 18 17 16 15 14 13 12 11 10 9 8 7 6 5 4 3 2 231 
231 20 19 18 17 16 15 14 13 12 11 10 9 8 7 6 5 4 3 231 
231 21 20 19 18 17 16 15 14 13 12 11 10 9 8 7 6 5 4 231 
231 231 231 231 231 231 231 231 231 231 231 231 231 231 231 231 231 231 231 231 
# # # # # # # # # # # # # # # # # # # # 
# 20 19 18 17 16 15 14 13 12 11 10 9 8 7 6 5 4 3 # 
# 19 18 17 16 15 14 13 12 11 10 9 8 7 6 5 4 3 2 # 
# 18 17 16 # - + 12 11 10 9 8 7 6 5 4 3 2 1 # 
# 17 16 15 14 13 12 11 10 9 8 7 6 5 4 3 2 1 0 # 
# 18 17 16 15 14 13 12 11 10 9 8 7 6 5 4 3 2 1 # 
# 19 18 17 16 15 14 13 12 11 10 9 8 7 6 5 4 3 2 # 
# 20 19 18 17 16 15 14 13 12 11 10 9 8 7 6 5 4 3 # 
# 21 20 19 18 17 16 15 14 13 12 11 10 9 8 7 6 5 4 # 
# # # # # # # # # # # # # # # # # # # # 

find safe way: 1
231 231 231 231 231 231 231 231 231 231 231 231 231 231 231 231 231 231 231 231 
231 20 19 18 17 16 15 14 13 12 11 10 9 8 7 6 5 4 3 231 
231 19 18 17 16 15 14 13 12 11 10 9 8 7 6 5 4 3 2 231 
231 18 17 16 15 231 462 462 11 10 9 8 7 6 5 4 3 2 1 231 
231 17 16 15 14 13 12 11 10 9 8 7 6 5 4 3 2 1 0 231 
231 18 17 16 15 14 13 12 11 10 9 8 7 6 5 4 3 2 1 231 
231 19 18 17 16 15 14 13 12 11 10 9 8 7 6 5 4 3 2 231 
231 20 19 18 17 16 15 14 13 12 11 10 9 8 7 6 5 4 3 231 
231 21 20 19 18 17 16 15 14 13 12 11 10 9 8 7 6 5 4 231 
231 231 231 231 231 231 231 231 231 231 231 231 231 231 231 231 231 231 231 231 
# # # # # # # # # # # # # # # # # # # # 
# 20 19 18 17 16 15 14 13 12 11 10 9 8 7 6 5 4 3 # 
# 19 18 17 16 15 14 13 12 11 10 9 8 7 6 5 4 3 2 # 
# 18 17 16 15 # - + 11 10 9 8 7 6 5 4 3 2 1 # 
# 17 16 15 14 13 12 11 10 9 8 7 6 5 4 3 2 1 0 # 
# 18 17 16 15 14 13 12 11 10 9 8 7 6 5 4 3 2 1 # 
# 19 18 17 16 15 14 13 12 11 10 9 8 7 6 5 4 3 2 # 
# 20 19 18 17 16 15 14 13 12 11 10 9 8 7 6 5 4 3 # 
# 21 20 19 18 17 16 15 14 13 12 11 10 9 8 7 6 5 4 # 
# # # # # # # # # # # # # # # # # # # # 

find safe way: 1
231 231 231 231 231 231 231 231 231 231 231 231 231 231 231 231 231 231 231 231 
231 20 19 18 17 16 15 14 13 12 11 10 9 8 7 6 5 4 3 231 
231 19 18 17 16 15 14 13 12 11 10 9 8 7 6 5 4 3 2 231 
231 18 17 16 15 14 231 462 462 10 9 8 7 6 5 4 3 2 1 231 
231 17 16 15 14 13 12 11 10 9 8 7 6 5 4 3 2 1 0 231 
231 18 17 16 15 14 13 12 11 10 9 8 7 6 5 4 3 2 1 231 
231 19 18 17 16 15 14 13 12 11 10 9 8 7 6 5 4 3 2 231 
231 20 19 18 17 16 15 14 13 12 11 10 9 8 7 6 5 4 3 231 
231 21 20 19 18 17 16 15 14 13 12 11 10 9 8 7 6 5 4 231 
231 231 231 231 231 231 231 231 231 231 231 231 231 231 231 231 231 231 231 231 
# # # # # # # # # # # # # # # # # # # # 
# 20 19 18 17 16 15 14 13 12 11 10 9 8 7 6 5 4 3 # 
# 19 18 17 16 15 14 13 12 11 10 9 8 7 6 5 4 3 2 # 
# 18 17 16 15 14 # - + 10 9 8 7 6 5 4 3 2 1 # 
# 17 16 15 14 13 12 11 10 9 8 7 6 5 4 3 2 1 0 # 
# 18 17 16 15 14 13 12 11 10 9 8 7 6 5 4 3 2 1 # 
# 19 18 17 16 15 14 13 12 11 10 9 8 7 6 5 4 3 2 # 
# 20 19 18 17 16 15 14 13 12 11 10 9 8 7 6 5 4 3 # 
# 21 20 19 18 17 16 15 14 13 12 11 10 9 8 7 6 5 4 # 
# # # # # # # # # # # # # # # # # # # # 

find safe way: 1
231 231 231 231 231 231 231 231 231 231 231 231 231 231 231 231 231 231 231 231 
231 20 19 18 17 16 15 14 13 12 11 10 9 8 7 6 5 4 3 231 
231 19 18 17 16 15 14 13 12 11 10 9 8 7 6 5 4 3 2 231 
231 18 17 16 15 14 13 231 462 462 9 8 7 6 5 4 3 2 1 231 
231 17 16 15 14 13 12 11 10 9 8 7 6 5 4 3 2 1 0 231 
231 18 17 16 15 14 13 12 11 10 9 8 7 6 5 4 3 2 1 231 
231 19 18 17 16 15 14 13 12 11 10 9 8 7 6 5 4 3 2 231 
231 20 19 18 17 16 15 14 13 12 11 10 9 8 7 6 5 4 3 231 
231 21 20 19 18 17 16 15 14 13 12 11 10 9 8 7 6 5 4 231 
231 231 231 231 231 231 231 231 231 231 231 231 231 231 231 231 231 231 231 231 
# # # # # # # # # # # # # # # # # # # # 
# 20 19 18 17 16 15 14 13 12 11 10 9 8 7 6 5 4 3 # 
# 19 18 17 16 15 14 13 12 11 10 9 8 7 6 5 4 3 2 # 
# 18 17 16 15 14 13 # - + 9 8 7 6 5 4 3 2 1 # 
# 17 16 15 14 13 12 11 10 9 8 7 6 5 4 3 2 1 0 # 
# 18 17 16 15 14 13 12 11 10 9 8 7 6 5 4 3 2 1 # 
# 19 18 17 16 15 14 13 12 11 10 9 8 7 6 5 4 3 2 # 
# 20 19 18 17 16 15 14 13 12 11 10 9 8 7 6 5 4 3 # 
# 21 20 19 18 17 16 15 14 13 12 11 10 9 8 7 6 5 4 # 
# # # # # # # # # # # # # # # # # # # # 

find safe way: 1
231 231 231 231 231 231 231 231 231 231 231 231 231 231 231 231 231 231 231 231 
231 20 19 18 17 16 15 14 13 12 11 10 9 8 7 6 5 4 3 231 
231 19 18 17 16 15 14 13 12 11 10 9 8 7 6 5 4 3 2 231 
231 18 17 16 15 14 13 12 231 462 462 8 7 6 5 4 3 2 1 231 
231 17 16 15 14 13 12 11 10 9 8 7 6 5 4 3 2 1 0 231 
231 18 17 16 15 14 13 12 11 10 9 8 7 6 5 4 3 2 1 231 
231 19 18 17 16 15 14 13 12 11 10 9 8 7 6 5 4 3 2 231 
231 20 19 18 17 16 15 14 13 12 11 10 9 8 7 6 5 4 3 231 
231 21 20 19 18 17 16 15 14 13 12 11 10 9 8 7 6 5 4 231 
231 231 231 231 231 231 231 231 231 231 231 231 231 231 231 231 231 231 231 231 
# # # # # # # # # # # # # # # # # # # # 
# 20 19 18 17 16 15 14 13 12 11 10 9 8 7 6 5 4 3 # 
# 19 18 17 16 15 14 13 12 11 10 9 8 7 6 5 4 3 2 # 
# 18 17 16 15 14 13 12 # - + 8 7 6 5 4 3 2 1 # 
# 17 16 15 14 13 12 11 10 9 8 7 6 5 4 3 2 1 0 # 
# 18 17 16 15 14 13 12 11 10 9 8 7 6 5 4 3 2 1 # 
# 19 18 17 16 15 14 13 12 11 10 9 8 7 6 5 4 3 2 # 
# 20 19 18 17 16 15 14 13 12 11 10 9 8 7 6 5 4 3 # 
# 21 20 19 18 17 16 15 14 13 12 11 10 9 8 7 6 5 4 # 
# # # # # # # # # # # # # # # # # # # # 

find safe way: 1
231 231 231 231 231 231 231 231 231 231 231 231 231 231 231 231 231 231 231 231 
231 20 19 18 17 16 15 14 13 12 11 10 9 8 7 6 5 4 3 231 
231 19 18 17 16 15 14 13 12 11 10 9 8 7 6 5 4 3 2 231 
231 18 17 16 15 14 13 12 11 231 462 462 7 6 5 4 3 2 1 231 
231 17 16 15 14 13 12 11 10 9 8 7 6 5 4 3 2 1 0 231 
231 18 17 16 15 14 13 12 11 10 9 8 7 6 5 4 3 2 1 231 
231 19 18 17 16 15 14 13 12 11 10 9 8 7 6 5 4 3 2 231 
231 20 19 18 17 16 15 14 13 12 11 10 9 8 7 6 5 4 3 231 
231 21 20 19 18 17 16 15 14 13 12 11 10 9 8 7 6 5 4 231 
231 231 231 231 231 231 231 231 231 231 231 231 231 231 231 231 231 231 231 231 
# # # # # # # # # # # # # # # # # # # # 
# 20 19 18 17 16 15 14 13 12 11 10 9 8 7 6 5 4 3 # 
# 19 18 17 16 15 14 13 12 11 10 9 8 7 6 5 4 3 2 # 
# 18 17 16 15 14 13 12 11 # - + 7 6 5 4 3 2 1 # 
# 17 16 15 14 13 12 11 10 9 8 7 6 5 4 3 2 1 0 # 
# 18 17 16 15 14 13 12 11 10 9 8 7 6 5 4 3 2 1 # 
# 19 18 17 16 15 14 13 12 11 10 9 8 7 6 5 4 3 2 # 
# 20 19 18 17 16 15 14 13 12 11 10 9 8 7 6 5 4 3 # 
# 21 20 19 18 17 16 15 14 13 12 11 10 9 8 7 6 5 4 # 
# # # # # # # # # # # # # # # # # # # # 

find safe way: 1
231 231 231 231 231 231 231 231 231 231 231 231 231 231 231 231 231 231 231 231 
231 20 19 18 17 16 15 14 13 12 11 10 9 8 7 6 5 4 3 231 
231 19 18 17 16 15 14 13 12 11 10 9 8 7 6 5 4 3 2 231 
231 18 17 16 15 14 13 12 11 10 231 462 462 6 5 4 3 2 1 231 
231 17 16 15 14 13 12 11 10 9 8 7 6 5 4 3 2 1 0 231 
231 18 17 16 15 14 13 12 11 10 9 8 7 6 5 4 3 2 1 231 
231 19 18 17 16 15 14 13 12 11 10 9 8 7 6 5 4 3 2 231 
231 20 19 18 17 16 15 14 13 12 11 10 9 8 7 6 5 4 3 231 
231 21 20 19 18 17 16 15 14 13 12 11 10 9 8 7 6 5 4 231 
231 231 231 231 231 231 231 231 231 231 231 231 231 231 231 231 231 231 231 231 
# # # # # # # # # # # # # # # # # # # # 
# 20 19 18 17 16 15 14 13 12 11 10 9 8 7 6 5 4 3 # 
# 19 18 17 16 15 14 13 12 11 10 9 8 7 6 5 4 3 2 # 
# 18 17 16 15 14 13 12 11 10 # - + 6 5 4 3 2 1 # 
# 17 16 15 14 13 12 11 10 9 8 7 6 5 4 3 2 1 0 # 
# 18 17 16 15 14 13 12 11 10 9 8 7 6 5 4 3 2 1 # 
# 19 18 17 16 15 14 13 12 11 10 9 8 7 6 5 4 3 2 # 
# 20 19 18 17 16 15 14 13 12 11 10 9 8 7 6 5 4 3 # 
# 21 20 19 18 17 16 15 14 13 12 11 10 9 8 7 6 5 4 # 
# # # # # # # # # # # # # # # # # # # # 

find safe way: 1
231 231 231 231 231 231 231 231 231 231 231 231 231 231 231 231 231 231 231 231 
231 20 19 18 17 16 15 14 13 12 11 10 9 8 7 6 5 4 3 231 
231 19 18 17 16 15 14 13 12 11 10 9 8 7 6 5 4 3 2 231 
231 18 17 16 15 14 13 12 11 10 9 231 462 462 5 4 3 2 1 231 
231 17 16 15 14 13 12 11 10 9 8 7 6 5 4 3 2 1 0 231 
231 18 17 16 15 14 13 12 11 10 9 8 7 6 5 4 3 2 1 231 
231 19 18 17 16 15 14 13 12 11 10 9 8 7 6 5 4 3 2 231 
231 20 19 18 17 16 15 14 13 12 11 10 9 8 7 6 5 4 3 231 
231 21 20 19 18 17 16 15 14 13 12 11 10 9 8 7 6 5 4 231 
231 231 231 231 231 231 231 231 231 231 231 231 231 231 231 231 231 231 231 231 
# # # # # # # # # # # # # # # # # # # # 
# 20 19 18 17 16 15 14 13 12 11 10 9 8 7 6 5 4 3 # 
# 19 18 17 16 15 14 13 12 11 10 9 8 7 6 5 4 3 2 # 
# 18 17 16 15 14 13 12 11 10 9 # - + 5 4 3 2 1 # 
# 17 16 15 14 13 12 11 10 9 8 7 6 5 4 3 2 1 0 # 
# 18 17 16 15 14 13 12 11 10 9 8 7 6 5 4 3 2 1 # 
# 19 18 17 16 15 14 13 12 11 10 9 8 7 6 5 4 3 2 # 
# 20 19 18 17 16 15 14 13 12 11 10 9 8 7 6 5 4 3 # 
# 21 20 19 18 17 16 15 14 13 12 11 10 9 8 7 6 5 4 # 
# # # # # # # # # # # # # # # # # # # # 

find safe way: 1
231 231 231 231 231 231 231 231 231 231 231 231 231 231 231 231 231 231 231 231 
231 20 19 18 17 16 15 14 13 12 11 10 9 8 7 6 5 4 3 231 
231 19 18 17 16 15 14 13 12 11 10 9 8 7 6 5 4 3 2 231 
231 18 17 16 15 14 13 12 11 10 9 8 231 462 462 4 3 2 1 231 
231 17 16 15 14 13 12 11 10 9 8 7 6 5 4 3 2 1 0 231 
231 18 17 16 15 14 13 12 11 10 9 8 7 6 5 4 3 2 1 231 
231 19 18 17 16 15 14 13 12 11 10 9 8 7 6 5 4 3 2 231 
231 20 19 18 17 16 15 14 13 12 11 10 9 8 7 6 5 4 3 231 
231 21 20 19 18 17 16 15 14 13 12 11 10 9 8 7 6 5 4 231 
231 231 231 231 231 231 231 231 231 231 231 231 231 231 231 231 231 231 231 231 
# # # # # # # # # # # # # # # # # # # # 
# 20 19 18 17 16 15 14 13 12 11 10 9 8 7 6 5 4 3 # 
# 19 18 17 16 15 14 13 12 11 10 9 8 7 6 5 4 3 2 # 
# 18 17 16 15 14 13 12 11 10 9 8 # - + 4 3 2 1 # 
# 17 16 15 14 13 12 11 10 9 8 7 6 5 4 3 2 1 0 # 
# 18 17 16 15 14 13 12 11 10 9 8 7 6 5 4 3 2 1 # 
# 19 18 17 16 15 14 13 12 11 10 9 8 7 6 5 4 3 2 # 
# 20 19 18 17 16 15 14 13 12 11 10 9 8 7 6 5 4 3 # 
# 21 20 19 18 17 16 15 14 13 12 11 10 9 8 7 6 5 4 # 
# # # # # # # # # # # # # # # # # # # # 

find safe way: 1
231 231 231 231 231 231 231 231 231 231 231 231 231 231 231 231 231 231 231 231 
231 20 19 18 17 16 15 14 13 12 11 10 9 8 7 6 5 4 3 231 
231 19 18 17 16 15 14 13 12 11 10 9 8 7 6 5 4 3 2 231 
231 18 17 16 15 14 13 12 11 10 9 8 7 231 462 462 3 2 1 231 
231 17 16 15 14 13 12 11 10 9 8 7 6 5 4 3 2 1 0 231 
231 18 17 16 15 14 13 12 11 10 9 8 7 6 5 4 3 2 1 231 
231 19 18 17 16 15 14 13 12 11 10 9 8 7 6 5 4 3 2 231 
231 20 19 18 17 16 15 14 13 12 11 10 9 8 7 6 5 4 3 231 
231 21 20 19 18 17 16 15 14 13 12 11 10 9 8 7 6 5 4 231 
231 231 231 231 231 231 231 231 231 231 231 231 231 231 231 231 231 231 231 231 
# # # # # # # # # # # # # # # # # # # # 
# 20 19 18 17 16 15 14 13 12 11 10 9 8 7 6 5 4 3 # 
# 19 18 17 16 15 14 13 12 11 10 9 8 7 6 5 4 3 2 # 
# 18 17 16 15 14 13 12 11 10 9 8 7 # - + 3 2 1 # 
# 17 16 15 14 13 12 11 10 9 8 7 6 5 4 3 2 1 0 # 
# 18 17 16 15 14 13 12 11 10 9 8 7 6 5 4 3 2 1 # 
# 19 18 17 16 15 14 13 12 11 10 9 8 7 6 5 4 3 2 # 
# 20 19 18 17 16 15 14 13 12 11 10 9 8 7 6 5 4 3 # 
# 21 20 19 18 17 16 15 14 13 12 11 10 9 8 7 6 5 4 # 
# # # # # # # # # # # # # # # # # # # # 

find safe way: 1
231 231 231 231 231 231 231 231 231 231 231 231 231 231 231 231 231 231 231 231 
231 20 19 18 17 16 15 14 13 12 11 10 9 8 7 6 5 4 3 231 
231 19 18 17 16 15 14 13 12 11 10 9 8 7 6 5 4 3 2 231 
231 18 17 16 15 14 13 12 11 10 9 8 7 6 231 462 462 2 1 231 
231 17 16 15 14 13 12 11 10 9 8 7 6 5 4 3 2 1 0 231 
231 18 17 16 15 14 13 12 11 10 9 8 7 6 5 4 3 2 1 231 
231 19 18 17 16 15 14 13 12 11 10 9 8 7 6 5 4 3 2 231 
231 20 19 18 17 16 15 14 13 12 11 10 9 8 7 6 5 4 3 231 
231 21 20 19 18 17 16 15 14 13 12 11 10 9 8 7 6 5 4 231 
231 231 231 231 231 231 231 231 231 231 231 231 231 231 231 231 231 231 231 231 
# # # # # # # # # # # # # # # # # # # # 
# 20 19 18 17 16 15 14 13 12 11 10 9 8 7 6 5 4 3 # 
# 19 18 17 16 15 14 13 12 11 10 9 8 7 6 5 4 3 2 # 
# 18 17 16 15 14 13 12 11 10 9 8 7 6 # - + 2 1 # 
# 17 16 15 14 13 12 11 10 9 8 7 6 5 4 3 2 1 0 # 
# 18 17 16 15 14 13 12 11 10 9 8 7 6 5 4 3 2 1 # 
# 19 18 17 16 15 14 13 12 11 10 9 8 7 6 5 4 3 2 # 
# 20 19 18 17 16 15 14 13 12 11 10 9 8 7 6 5 4 3 # 
# 21 20 19 18 17 16 15 14 13 12 11 10 9 8 7 6 5 4 # 
# # # # # # # # # # # # # # # # # # # # 

find safe way: 1
231 231 231 231 231 231 231 231 231 231 231 231 231 231 231 231 231 231 231 231 
231 20 19 18 17 16 15 14 13 12 11 10 9 8 7 6 5 4 3 231 
231 19 18 17 16 15 14 13 12 11 10 9 8 7 6 5 4 3 2 231 
231 18 17 16 15 14 13 12 11 10 9 8 7 6 5 231 462 462 1 231 
231 17 16 15 14 13 12 11 10 9 8 7 6 5 4 3 2 1 0 231 
231 18 17 16 15 14 13 12 11 10 9 8 7 6 5 4 3 2 1 231 
231 19 18 17 16 15 14 13 12 11 10 9 8 7 6 5 4 3 2 231 
231 20 19 18 17 16 15 14 13 12 11 10 9 8 7 6 5 4 3 231 
231 21 20 19 18 17 16 15 14 13 12 11 10 9 8 7 6 5 4 231 
231 231 231 231 231 231 231 231 231 231 231 231 231 231 231 231 231 231 231 231 
# # # # # # # # # # # # # # # # # # # # 
# 20 19 18 17 16 15 14 13 12 11 10 9 8 7 6 5 4 3 # 
# 19 18 17 16 15 14 13 12 11 10 9 8 7 6 5 4 3 2 # 
# 18 17 16 15 14 13 12 11 10 9 8 7 6 5 # - + 1 # 
# 17 16 15 14 13 12 11 10 9 8 7 6 5 4 3 2 1 0 # 
# 18 17 16 15 14 13 12 11 10 9 8 7 6 5 4 3 2 1 # 
# 19 18 17 16 15 14 13 12 11 10 9 8 7 6 5 4 3 2 # 
# 20 19 18 17 16 15 14 13 12 11 10 9 8 7 6 5 4 3 # 
# 21 20 19 18 17 16 15 14 13 12 11 10 9 8 7 6 5 4 # 
# # # # # # # # # # # # # # # # # # # # 

find safe way: 1
231 231 231 231 231 231 231 231 231 231 231 231 231 231 231 231 231 231 231 231 
231 20 19 18 17 16 15 14 13 12 11 10 9 8 7 6 5 4 3 231 
231 19 18 17 16 15 14 13 12 11 10 9 8 7 6 5 4 3 2 231 
231 18 17 16 15 14 13 12 11 10 9 8 7 6 5 4 231 462 462 231 
231 17 16 15 14 13 12 11 10 9 8 7 6 5 4 3 2 1 0 231 
231 18 17 16 15 14 13 12 11 10 9 8 7 6 5 4 3 2 1 231 
231 19 18 17 16 15 14 13 12 11 10 9 8 7 6 5 4 3 2 231 
231 20 19 18 17 16 15 14 13 12 11 10 9 8 7 6 5 4 3 231 
231 21 20 19 18 17 16 15 14 13 12 11 10 9 8 7 6 5 4 231 
231 231 231 231 231 231 231 231 231 231 231 231 231 231 231 231 231 231 231 231 
# # # # # # # # # # # # # # # # # # # # 
# 20 19 18 17 16 15 14 13 12 11 10 9 8 7 6 5 4 3 # 
# 19 18 17 16 15 14 13 12 11 10 9 8 7 6 5 4 3 2 # 
# 18 17 16 15 14 13 12 11 10 9 8 7 6 5 4 # - + # 
# 17 16 15 14 13 12 11 10 9 8 7 6 5 4 3 2 1 0 # 
# 18 17 16 15 14 13 12 11 10 9 8 7 6 5 4 3 2 1 # 
# 19 18 17 16 15 14 13 12 11 10 9 8 7 6 5 4 3 2 # 
# 20 19 18 17 16 15 14 13 12 11 10 9 8 7 6 5 4 3 # 
# 21 20 19 18 17 16 15 14 13 12 11 10 9 8 7 6 5 4 # 
# # # # # # # # # # # # # # # # # # # # 

find safe way: 20
231 231 231 231 231 231 231 231 231 231 231 231 231 231 231 231 231 231 231 231 
231 20 19 18 17 16 15 14 13 12 11 10 9 8 7 6 5 6 7 231 
231 19 18 17 16 15 14 13 12 11 10 9 8 7 6 5 4 5 6 231 
231 18 17 16 15 14 13 12 11 10 9 8 7 6 5 4 3 462 462 231 
231 17 16 15 14 13 12 11 10 9 8 7 6 5 4 3 2 1 462 231 
231 18 17 16 15 14 13 12 11 10 9 8 7 6 5 4 3 2 1 231 
231 19 18 17 16 15 14 13 12 11 10 9 8 7 6 5 4 3 2 231 
231 20 19 18 17 16 15 14 13 12 11 10 9 8 7 6 5 4 3 231 
231 21 20 19 18 17 16 15 14 13 12 11 10 9 8 7 6 5 4 231 
231 231 231 231 231 231 231 231 231 231 231 231 231 231 231 231 231 231 231 231 
# # # # # # # # # # # # # # # # # # # # 
# 20 19 18 17 16 15 14 13 12 11 10 9 8 7 6 5 6 7 # 
# 19 18 17 16 15 14 13 12 11 10 9 8 7 6 5 4 5 6 # 
# 18 17 16 15 14 13 12 11 10 9 8 7 6 5 4 3 - * # 
# 17 16 15 14 13 12 11 10 9 8 7 6 5 4 3 2 1 + # 
# 18 17 16 15 14 13 12 11 10 9 8 7 6 5 4 3 2 1 # 
# 19 18 17 16 15 14 13 12 11 10 9 8 7 6 5 4 3 2 # 
# 20 19 18 17 16 15 14 13 12 11 10 9 8 7 6 5 4 3 # 
# 21 20 19 18 17 16 15 14 13 12 11 10 9 8 7 6 5 4 # 
# # # # # # # # # # # # # # # # # # # # 

find safe way: -1
231 231 231 231 231 231 231 231 231 231 231 231 231 231 231 231 231 231 231 231 
231 3 4 5 6 7 8 9 10 11 12 13 14 15 16 17 18 19 20 231 
231 2 3 4 5 6 7 8 9 10 11 12 13 14 15 16 17 18 19 231 
231 1 2 3 4 5 6 7 8 9 10 11 12 13 14 15 16 231 462 231 
231 0 1 2 3 4 5 6 7 8 9 10 11 12 13 14 15 462 462 231 
231 1 2 3 4 5 6 7 8 9 10 11 12 13 14 15 16 17 18 231 
231 2 3 4 5 6 7 8 9 10 11 12 13 14 15 16 17 18 19 231 
231 3 4 5 6 7 8 9 10 11 12 13 14 15 16 17 18 19 20 231 
231 4 5 6 7 8 9 10 11 12 13 14 15 16 17 18 19 20 21 231 
231 231 231 231 231 231 231 231 231 231 231 231 231 231 231 231 231 231 231 231 
# # # # # # # # # # # # # # # # # # # # 
# 3 4 5 6 7 8 9 10 11 12 13 14 15 16 17 18 19 20 # 
# 2 3 4 5 6 7 8 9 10 11 12 13 14 15 16 17 18 19 # 
# 1 2 3 4 5 6 7 8 9 10 11 12 13 14 15 16 # - # 
# 0 1 2 3 4 5 6 7 8 9 10 11 12 13 14 15 + * # 
# 1 2 3 4 5 6 7 8 9 10 11 12 13 14 15 16 17 18 # 
# 2 3 4 5 6 7 8 9 10 11 12 13 14 15 16 17 18 19 # 
# 3 4 5 6 7 8 9 10 11 12 13 14 15 16 17 18 19 20 # 
# 4 5 6 7 8 9 10 11 12 13 14 15 16 17 18 19 20 21 # 
# # # # # # # # # # # # # # # # # # # # 

find safe way: -1
231 231 231 231 231 231 231 231 231 231 231 231 231 231 231 231 231 231 231 231 
231 3 4 5 6 7 8 9 10 11 12 13 14 15 16 17 18 19 20 231 
231 2 3 4 5 6 7 8 9 10 11 12 13 14 15 16 17 18 19 231 
231 1 2 3 4 5 6 7 8 9 10 11 12 13 14 15 16 17 231 231 
231 0 1 2 3 4 5 6 7 8 9 10 11 12 13 14 462 462 462 231 
231 1 2 3 4 5 6 7 8 9 10 11 12 13 14 15 16 17 18 231 
231 2 3 4 5 6 7 8 9 10 11 12 13 14 15 16 17 18 19 231 
231 3 4 5 6 7 8 9 10 11 12 13 14 15 16 17 18 19 20 231 
231 4 5 6 7 8 9 10 11 12 13 14 15 16 17 18 19 20 21 231 
231 231 231 231 231 231 231 231 231 231 231 231 231 231 231 231 231 231 231 231 
# # # # # # # # # # # # # # # # # # # # 
# 3 4 5 6 7 8 9 10 11 12 13 14 15 16 17 18 19 20 # 
# 2 3 4 5 6 7 8 9 10 11 12 13 14 15 16 17 18 19 # 
# 1 2 3 4 5 6 7 8 9 10 11 12 13 14 15 16 17 # # 
# 0 1 2 3 4 5 6 7 8 9 10 11 12 13 14 + * - # 
# 1 2 3 4 5 6 7 8 9 10 11 12 13 14 15 16 17 18 # 
# 2 3 4 5 6 7 8 9 10 11 12 13 14 15 16 17 18 19 # 
# 3 4 5 6 7 8 9 10 11 12 13 14 15 16 17 18 19 20 # 
# 4 5 6 7 8 9 10 11 12 13 14 15 16 17 18 19 20 21 # 
# # # # # # # # # # # # # # # # # # # # 

find safe way: -1
231 231 231 231 231 231 231 231 231 231 231 231 231 231 231 231 231 231 231 231 
231 3 4 5 6 7 8 9 10 11 12 13 14 15 16 17 18 19 20 231 
231 2 3 4 5 6 7 8 9 10 11 12 13 14 15 16 17 18 19 231 
231 1 2 3 4 5 6 7 8 9 10 11 12 13 14 15 16 17 18 231 
231 0 1 2 3 4 5 6 7 8 9 10 11 12 13 462 462 462 231 231 
231 1 2 3 4 5 6 7 8 9 10 11 12 13 14 15 16 17 18 231 
231 2 3 4 5 6 7 8 9 10 11 12 13 14 15 16 17 18 19 231 
231 3 4 5 6 7 8 9 10 11 12 13 14 15 16 17 18 19 20 231 
231 4 5 6 7 8 9 10 11 12 13 14 15 16 17 18 19 20 21 231 
231 231 231 231 231 231 231 231 231 231 231 231 231 231 231 231 231 231 231 231 
# # # # # # # # # # # # # # # # # # # # 
# 3 4 5 6 7 8 9 10 11 12 13 14 15 16 17 18 19 20 # 
# 2 3 4 5 6 7 8 9 10 11 12 13 14 15 16 17 18 19 # 
# 1 2 3 4 5 6 7 8 9 10 11 12 13 14 15 16 17 18 # 
# 0 1 2 3 4 5 6 7 8 9 10 11 12 13 + * - # # 
# 1 2 3 4 5 6 7 8 9 10 11 12 13 14 15 16 17 18 # 
# 2 3 4 5 6 7 8 9 10 11 12 13 14 15 16 17 18 19 # 
# 3 4 5 6 7 8 9 10 11 12 13 14 15 16 17 18 19 20 # 
# 4 5 6 7 8 9 10 11 12 13 14 15 16 17 18 19 20 21 # 
# # # # # # # # # # # # # # # # # # # # 

find safe way: -1
231 231 231 231 231 231 231 231 231 231 231 231 231 231 231 231 231 231 231 231 
231 3 4 5 6 7 8 9 10 11 12 13 14 15 16 17 18 19 20 231 
231 2 3 4 5 6 7 8 9 10 11 12 13 14 15 16 17 18 19 231 
231 1 2 3 4 5 6 7 8 9 10 11 12 13 14 15 16 17 18 231 
231 0 1 2 3 4 5 6 7 8 9 10 11 12 462 462 462 231 19 231 
231 1 2 3 4 5 6 7 8 9 10 11 12 13 14 15 16 17 18 231 
231 2 3 4 5 6 7 8 9 10 11 12 13 14 15 16 17 18 19 231 
231 3 4 5 6 7 8 9 10 11 12 13 14 15 16 17 18 19 20 231 
231 4 5 6 7 8 9 10 11 12 13 14 15 16 17 18 19 20 21 231 
231 231 231 231 231 231 231 231 231 231 231 231 231 231 231 231 231 231 231 231 
# # # # # # # # # # # # # # # # # # # # 
# 3 4 5 6 7 8 9 10 11 12 13 14 15 16 17 18 19 20 # 
# 2 3 4 5 6 7 8 9 10 11 12 13 14 15 16 17 18 19 # 
# 1 2 3 4 5 6 7 8 9 10 11 12 13 14 15 16 17 18 # 
# 0 1 2 3 4 5 6 7 8 9 10 11 12 + * - # 19 # 
# 1 2 3 4 5 6 7 8 9 10 11 12 13 14 15 16 17 18 # 
# 2 3 4 5 6 7 8 9 10 11 12 13 14 15 16 17 18 19 # 
# 3 4 5 6 7 8 9 10 11 12 13 14 15 16 17 18 19 20 # 
# 4 5 6 7 8 9 10 11 12 13 14 15 16 17 18 19 20 21 # 
# # # # # # # # # # # # # # # # # # # # 

find safe way: -1
231 231 231 231 231 231 231 231 231 231 231 231 231 231 231 231 231 231 231 231 
231 3 4 5 6 7 8 9 10 11 12 13 14 15 16 17 18 19 20 231 
231 2 3 4 5 6 7 8 9 10 11 12 13 14 15 16 17 18 19 231 
231 1 2 3 4 5 6 7 8 9 10 11 12 13 14 15 16 17 18 231 
231 0 1 2 3 4 5 6 7 8 9 10 11 462 462 462 231 18 19 231 
231 1 2 3 4 5 6 7 8 9 10 11 12 13 14 15 16 17 18 231 
231 2 3 4 5 6 7 8 9 10 11 12 13 14 15 16 17 18 19 231 
231 3 4 5 6 7 8 9 10 11 12 13 14 15 16 17 18 19 20 231 
231 4 5 6 7 8 9 10 11 12 13 14 15 16 17 18 19 20 21 231 
231 231 231 231 231 231 231 231 231 231 231 231 231 231 231 231 231 231 231 231 
# # # # # # # # # # # # # # # # # # # # 
# 3 4 5 6 7 8 9 10 11 12 13 14 15 16 17 18 19 20 # 
# 2 3 4 5 6 7 8 9 10 11 12 13 14 15 16 17 18 19 # 
# 1 2 3 4 5 6 7 8 9 10 11 12 13 14 15 16 17 18 # 
# 0 1 2 3 4 5 6 7 8 9 10 11 + * - # 18 19 # 
# 1 2 3 4 5 6 7 8 9 10 11 12 13 14 15 16 17 18 # 
# 2 3 4 5 6 7 8 9 10 11 12 13 14 15 16 17 18 19 # 
# 3 4 5 6 7 8 9 10 11 12 13 14 15 16 17 18 19 20 # 
# 4 5 6 7 8 9 10 11 12 13 14 15 16 17 18 19 20 21 # 
# # # # # # # # # # # # # # # # # # # # 

find safe way: -1
231 231 231 231 231 231 231 231 231 231 231 231 231 231 231 231 231 231 231 231 
231 3 4 5 6 7 8 9 10 11 12 13 14 15 16 17 18 19 20 231 
231 2 3 4 5 6 7 8 9 10 11 12 13 14 15 16 17 18 19 231 
231 1 2 3 4 5 6 7 8 9 10 11 12 13 14 15 16 17 18 231 
231 0 1 2 3 4 5 6 7 8 9 10 462 462 462 231 17 18 19 231 
231 1 2 3 4 5 6 7 8 9 10 11 12 13 14 15 16 17 18 231 
231 2 3 4 5 6 7 8 9 10 11 12 13 14 15 16 17 18 19 231 
231 3 4 5 6 7 8 9 10 11 12 13 14 15 16 17 18 19 20 231 
231 4 5 6 7 8 9 10 11 12 13 14 15 16 17 18 19 20 21 231 
231 231 231 231 231 231 231 231 231 231 231 231 231 231 231 231 231 231 231 231 
# # # # # # # # # # # # # # # # # # # # 
# 3 4 5 6 7 8 9 10 11 12 13 14 15 16 17 18 19 20 # 
# 2 3 4 5 6 7 8 9 10 11 12 13 14 15 16 17 18 19 # 
# 1 2 3 4 5 6 7 8 9 10 11 12 13 14 15 16 17 18 # 
# 0 1 2 3 4 5 6 7 8 9 10 + * - # 17 18 19 # 
# 1 2 3 4 5 6 7 8 9 10 11 12 13 14 15 16 17 18 # 
# 2 3 4 5 6 7 8 9 10 11 12 13 14 15 16 17 18 19 # 
# 3 4 5 6 7 8 9 10 11 12 13 14 15 16 17 18 19 20 # 
# 4 5 6 7 8 9 10 11 12 13 14 15 16 17 18 19 20 21 # 
# # # # # # # # # # # # # # # # # # # # 

find safe way: -1
231 231 231 231 231 231 231 231 231 231 231 231 231 231 231 231 231 231 231 231 
231 3 4 5 6 7 8 9 10 11 12 13 14 15 16 17 18 19 20 231 
231 2 3 4 5 6 7 8 9 10 11 12 13 14 15 16 17 18 19 231 
231 1 2 3 4 5 6 7 8 9 10 11 12 13 14 15 16 17 18 231 
231 0 1 2 3 4 5 6 7 8 9 462 462 462 231 16 17 18 19 231 
231 1 2 3 4 5 6 7 8 9 10 11 12 13 14 15 16 17 18 231 
231 2 3 4 5 6 7 8 9 10 11 12 13 14 15 16 17 18 19 231 
231 3 4 5 6 7 8 9 10 11 12 13 14 15 16 17 18 19 20 231 
231 4 5 6 7 8 9 10 11 12 13 14 15 16 17 18 19 20 21 231 
231 231 231 231 231 231 231 231 231 231 231 231 231 231 231 231 231 231 231 231 
# # # # # # # # # # # # # # # # # # # # 
# 3 4 5 6 7 8 9 10 11 12 13 14 15 16 17 18 19 20 # 
# 2 3 4 5 6 7 8 9 10 11 12 13 14 15 16 17 18 19 # 
# 1 2 3 4 5 6 7 8 9 10 11 12 13 14 15 16 17 18 # 
# 0 1 2 3 4 5 6 7 8 9 + * - # 16 17 18 19 # 
# 1 2 3 4 5 6 7 8 9 10 11 12 13 14 15 16 17 18 # 
# 2 3 4 5 6 7 8 9 10 11 12 13 14 15 16 17 18 19 # 
# 3 4 5 6 7 8 9 10 11 12 13 14 15 16 17 18 19 20 # 
# 4 5 6 7 8 9 10 11 12 13 14 15 16 17 18 19 20 21 # 
# # # # # # # # # # # # # # # # # # # # 

find safe way: -1
231 231 231 231 231 231 231 231 231 231 231 231 231 231 231 231 231 231 231 231 
231 3 4 5 6 7 8 9 10 11 12 13 14 15 16 17 18 19 20 231 
231 2 3 4 5 6 7 8 9 10 11 12 13 14 15 16 17 18 19 231 
231 1 2 3 4 5 6 7 8 9 10 11 12 13 14 15 16 17 18 231 
231 0 1 2 3 4 5 6 7 8 462 462 462 231 15 16 17 18 19 231 
231 1 2 3 4 5 6 7 8 9 10 11 12 13 14 15 16 17 18 231 
231 2 3 4 5 6 7 8 9 10 11 12 13 14 15 16 17 18 19 231 
231 3 4 5 6 7 8 9 10 11 12 13 14 15 16 17 18 19 20 231 
231 4 5 6 7 8 9 10 11 12 13 14 15 16 17 18 19 20 21 231 
231 231 231 231 231 231 231 231 231 231 231 231 231 231 231 231 231 231 231 231 
# # # # # # # # # # # # # # # # # # # # 
# 3 4 5 6 7 8 9 10 11 12 13 14 15 16 17 18 19 20 # 
# 2 3 4 5 6 7 8 9 10 11 12 13 14 15 16 17 18 19 # 
# 1 2 3 4 5 6 7 8 9 10 11 12 13 14 15 16 17 18 # 
# 0 1 2 3 4 5 6 7 8 + * - # 15 16 17 18 19 # 
# 1 2 3 4 5 6 7 8 9 10 11 12 13 14 15 16 17 18 # 
# 2 3 4 5 6 7 8 9 10 11 12 13 14 15 16 17 18 19 # 
# 3 4 5 6 7 8 9 10 11 12 13 14 15 16 17 18 19 20 # 
# 4 5 6 7 8 9 10 11 12 13 14 15 16 17 18 19 20 21 # 
# # # # # # # # # # # # # # # # # # # # 

find safe way: -1
231 231 231 231 231 231 231 231 231 231 231 231 231 231 231 231 231 231 231 231 
231 3 4 5 6 7 8 9 10 11 12 13 14 15 16 17 18 19 20 231 
231 2 3 4 5 6 7 8 9 10 11 12 13 14 15 16 17 18 19 231 
231 1 2 3 4 5 6 7 8 9 10 11 12 13 14 15 16 17 18 231 
231 0 1 2 3 4 5 6 7 462 462 462 231 14 15 16 17 18 19 231 
231 1 2 3 4 5 6 7 8 9 10 11 12 13 14 15 16 17 18 231 
231 2 3 4 5 6 7 8 9 10 11 12 13 14 15 16 17 18 19 231 
231 3 4 5 6 7 8 9 10 11 12 13 14 15 16 17 18 19 20 231 
231 4 5 6 7 8 9 10 11 12 13 14 15 16 17 18 19 20 21 231 
231 231 231 231 231 231 231 231 231 231 231 231 231 231 231 231 231 231 231 231 
# # # # # # # # # # # # # # # # # # # # 
# 3 4 5 6 7 8 9 10 11 12 13 14 15 16 17 18 19 20 # 
# 2 3 4 5 6 7 8 9 10 11 12 13 14 15 16 17 18 19 # 
# 1 2 3 4 5 6 7 8 9 10 11 12 13 14 15 16 17 18 # 
# 0 1 2 3 4 5 6 7 + * - # 14 15 16 17 18 19 # 
# 1 2 3 4 5 6 7 8 9 10 11 12 13 14 15 16 17 18 # 
# 2 3 4 5 6 7 8 9 10 11 12 13 14 15 16 17 18 19 # 
# 3 4 5 6 7 8 9 10 11 12 13 14 15 16 17 18 19 20 # 
# 4 5 6 7 8 9 10 11 12 13 14 15 16 17 18 19 20 21 # 
# # # # # # # # # # # # # # # # # # # # 

find safe way: -1
231 231 231 231 231 231 231 231 231 231 231 231 231 231 231 231 231 231 231 231 
231 3 4 5 6 7 8 9 10 11 12 13 14 15 16 17 18 19 20 231 
231 2 3 4 5 6 7 8 9 10 11 12 13 14 15 16 17 18 19 231 
231 1 2 3 4 5 6 7 8 9 10 11 12 13 14 15 16 17 18 231 
231 0 1 2 3 4 5 6 462 462 462 231 13 14 15 16 17 18 19 231 
231 1 2 3 4 5 6 7 8 9 10 11 12 13 14 15 16 17 18 231 
231 2 3 4 5 6 7 8 9 10 11 12 13 14 15 16 17 18 19 231 
231 3 4 5 6 7 8 9 10 11 12 13 14 15 16 17 18 19 20 231 
231 4 5 6 7 8 9 10 11 12 13 14 15 16 17 18 19 20 21 231 
231 231 231 231 231 231 231 231 231 231 231 231 231 231 231 231 231 231 231 231 
# # # # # # # # # # # # # # # # # # # # 
# 3 4 5 6 7 8 9 10 11 12 13 14 15 16 17 18 19 20 # 
# 2 3 4 5 6 7 8 9 10 11 12 13 14 15 16 17 18 19 # 
# 1 2 3 4 5 6 7 8 9 10 11 12 13 14 15 16 17 18 # 
# 0 1 2 3 4 5 6 + * - # 13 14 15 16 17 18 19 # 
# 1 2 3 4 5 6 7 8 9 10 11 12 13 14 15 16 17 18 # 
# 2 3 4 5 6 7 8 9 10 11 12 13 14 15 16 17 18 19 # 
# 3 4 5 6 7 8 9 10 11 12 13 14 15 16 17 18 19 20 # 
# 4 5 6 7 8 9 10 11 12 13 14 15 16 17 18 19 20 21 # 
# # # # # # # # # # # # # # # # # # # # 

find safe way: -1
231 231 231 231 231 231 231 231 231 231 231 231 231 231 231 231 231 231 231 231 
231 3 4 5 6 7 8 9 10 11 12 13 14 15 16 17 18 19 20 231 
231 2 3 4 5 6 7 8 9 10 11 12 13 14 15 16 17 18 19 231 
231 1 2 3 4 5 6 7 8 9 10 11 12 13 14 15 16 17 18 231 
231 0 1 2 3 4 5 462 462 462 231 12 13 14 15 16 17 18 19 231 
231 1 2 3 4 5 6 7 8 9 10 11 12 13 14 15 16 17 18 231 
231 2 3 4 5 6 7 8 9 10 11 12 13 14 15 16 17 18 19 231 
231 3 4 5 6 7 8 9 10 11 12 13 14 15 16 17 18 19 20 231 
231 4 5 6 7 8 9 10 11 12 13 14 15 16 17 18 19 20 21 231 
231 231 231 231 231 231 231 231 231 231 231 231 231 231 231 231 231 231 231 231 
# # # # # # # # # # # # # # # # # # # # 
# 3 4 5 6 7 8 9 10 11 12 13 14 15 16 17 18 19 20 # 
# 2 3 4 5 6 7 8 9 10 11 12 13 14 15 16 17 18 19 # 
# 1 2 3 4 5 6 7 8 9 10 11 12 13 14 15 16 17 18 # 
# 0 1 2 3 4 5 + * - # 12 13 14 15 16 17 18 19 # 
# 1 2 3 4 5 6 7 8 9 10 11 12 13 14 15 16 17 18 # 
# 2 3 4 5 6 7 8 9 10 11 12 13 14 15 16 17 18 19 # 
# 3 4 5 6 7 8 9 10 11 12 13 14 15 16 17 18 19 20 # 
# 4 5 6 7 8 9 10 11 12 13 14 15 16 17 18 19 20 21 # 
# # # # # # # # # # # # # # # # # # # # 

find safe way: -1
231 231 231 231 231 231 231 231 231 231 231 231 231 231 231 231 231 231 231 231 
231 3 4 5 6 7 8 9 10 11 12 13 14 15 16 17 18 19 20 231 
231 2 3 4 5 6 7 8 9 10 11 12 13 14 15 16 17 18 19 231 
231 1 2 3 4 5 6 7 8 9 10 11 12 13 14 15 16 17 18 231 
231 0 1 2 3 4 462 462 462 231 11 12 13 14 15 16 17 18 19 231 
231 1 2 3 4 5 6 7 8 9 10 11 12 13 14 15 16 17 18 231 
231 2 3 4 5 6 7 8 9 10 11 12 13 14 15 16 17 18 19 231 
231 3 4 5 6 7 8 9 10 11 12 13 14 15 16 17 18 19 20 231 
231 4 5 6 7 8 9 10 11 12 13 14 15 16 17 18 19 20 21 231 
231 231 231 231 231 231 231 231 231 231 231 231 231 231 231 231 231 231 231 231 
# # # # # # # # # # # # # # # # # # # # 
# 3 4 5 6 7 8 9 10 11 12 13 14 15 16 17 18 19 20 # 
# 2 3 4 5 6 7 8 9 10 11 12 13 14 15 16 17 18 19 # 
# 1 2 3 4 5 6 7 8 9 10 11 12 13 14 15 16 17 18 # 
# 0 1 2 3 4 + * - # 11 12 13 14 15 16 17 18 19 # 
# 1 2 3 4 5 6 7 8 9 10 11 12 13 14 15 16 17 18 # 
# 2 3 4 5 6 7 8 9 10 11 12 13 14 15 16 17 18 19 # 
# 3 4 5 6 7 8 9 10 11 12 13 14 15 16 17 18 19 20 # 
# 4 5 6 7 8 9 10 11 12 13 14 15 16 17 18 19 20 21 # 
# # # # # # # # # # # # # # # # # # # # 

find safe way: -1
231 231 231 231 231 231 231 231 231 231 231 231 231 231 231 231 231 231 231 231 
231 3 4 5 6 7 8 9 10 11 12 13 14 15 16 17 18 19 20 231 
231 2 3 4 5 6 7 8 9 10 11 12 13 14 15 16 17 18 19 231 
231 1 2 3 4 5 6 7 8 9 10 11 12 13 14 15 16 17 18 231 
231 0 1 2 3 462 462 462 231 10 11 12 13 14 15 16 17 18 19 231 
231 1 2 3 4 5 6 7 8 9 10 11 12 13 14 15 16 17 18 231 
231 2 3 4 5 6 7 8 9 10 11 12 13 14 15 16 17 18 19 231 
231 3 4 5 6 7 8 9 10 11 12 13 14 15 16 17 18 19 20 231 
231 4 5 6 7 8 9 10 11 12 13 14 15 16 17 18 19 20 21 231 
231 231 231 231 231 231 231 231 231 231 231 231 231 231 231 231 231 231 231 231 
# # # # # # # # # # # # # # # # # # # # 
# 3 4 5 6 7 8 9 10 11 12 13 14 15 16 17 18 19 20 # 
# 2 3 4 5 6 7 8 9 10 11 12 13 14 15 16 17 18 19 # 
# 1 2 3 4 5 6 7 8 9 10 11 12 13 14 15 16 17 18 # 
# 0 1 2 3 + * - # 10 11 12 13 14 15 16 17 18 19 # 
# 1 2 3 4 5 6 7 8 9 10 11 12 13 14 15 16 17 18 # 
# 2 3 4 5 6 7 8 9 10 11 12 13 14 15 16 17 18 19 # 
# 3 4 5 6 7 8 9 10 11 12 13 14 15 16 17 18 19 20 # 
# 4 5 6 7 8 9 10 11 12 13 14 15 16 17 18 19 20 21 # 
# # # # # # # # # # # # # # # # # # # # 

find safe way: -1
231 231 231 231 231 231 231 231 231 231 231 231 231 231 231 231 231 231 231 231 
231 3 4 5 6 7 8 9 10 11 12 13 14 15 16 17 18 19 20 231 
231 2 3 4 5 6 7 8 9 10 11 12 13 14 15 16 17 18 19 231 
231 1 2 3 4 5 6 7 8 9 10 11 12 13 14 15 16 17 18 231 
231 0 1 2 462 462 462 231 9 10 11 12 13 14 15 16 17 18 19 231 
231 1 2 3 4 5 6 7 8 9 10 11 12 13 14 15 16 17 18 231 
231 2 3 4 5 6 7 8 9 10 11 12 13 14 15 16 17 18 19 231 
231 3 4 5 6 7 8 9 10 11 12 13 14 15 16 17 18 19 20 231 
231 4 5 6 7 8 9 10 11 12 13 14 15 16 17 18 19 20 21 231 
231 231 231 231 231 231 231 231 231 231 231 231 231 231 231 231 231 231 231 231 
# # # # # # # # # # # # # # # # # # # # 
# 3 4 5 6 7 8 9 10 11 12 13 14 15 16 17 18 19 20 # 
# 2 3 4 5 6 7 8 9 10 11 12 13 14 15 16 17 18 19 # 
# 1 2 3 4 5 6 7 8 9 10 11 12 13 14 15 16 17 18 # 
# 0 1 2 + * - # 9 10 11 12 13 14 15 16 17 18 19 # 
# 1 2 3 4 5 6 7 8 9 10 11 12 13 14 15 16 17 18 # 
# 2 3 4 5 6 7 8 9 10 11 12 13 14 15 16 17 18 19 # 
# 3 4 5 6 7 8 9 10 11 12 13 14 15 16 17 18 19 20 # 
# 4 5 6 7 8 9 10 11 12 13 14 15 16 17 18 19 20 21 # 
# # # # # # # # # # # # # # # # # # # # 

find safe way: -1
231 231 231 231 231 231 231 231 231 231 231 231 231 231 231 231 231 231 231 231 
231 3 4 5 6 7 8 9 10 11 12 13 14 15 16 17 18 19 20 231 
231 2 3 4 5 6 7 8 9 10 11 12 13 14 15 16 17 18 19 231 
231 1 2 3 4 5 6 7 8 9 10 11 12 13 14 15 16 17 18 231 
231 0 1 462 462 462 231 8 9 10 11 12 13 14 15 16 17 18 19 231 
231 1 2 3 4 5 6 7 8 9 10 11 12 13 14 15 16 17 18 231 
231 2 3 4 5 6 7 8 9 10 11 12 13 14 15 16 17 18 19 231 
231 3 4 5 6 7 8 9 10 11 12 13 14 15 16 17 18 19 20 231 
231 4 5 6 7 8 9 10 11 12 13 14 15 16 17 18 19 20 21 231 
231 231 231 231 231 231 231 231 231 231 231 231 231 231 231 231 231 231 231 231 
# # # # # # # # # # # # # # # # # # # # 
# 3 4 5 6 7 8 9 10 11 12 13 14 15 16 17 18 19 20 # 
# 2 3 4 5 6 7 8 9 10 11 12 13 14 15 16 17 18 19 # 
# 1 2 3 4 5 6 7 8 9 10 11 12 13 14 15 16 17 18 # 
# 0 1 + * - # 8 9 10 11 12 13 14 15 16 17 18 19 # 
# 1 2 3 4 5 6 7 8 9 10 11 12 13 14 15 16 17 18 # 
# 2 3 4 5 6 7 8 9 10 11 12 13 14 15 16 17 18 19 # 
# 3 4 5 6 7 8 9 10 11 12 13 14 15 16 17 18 19 20 # 
# 4 5 6 7 8 9 10 11 12 13 14 15 16 17 18 19 20 21 # 
# # # # # # # # # # # # # # # # # # # # 

find safe way: -1
231 231 231 231 231 231 231 231 231 231 231 231 231 231 231 231 231 231 231 231 
231 3 4 5 6 7 8 9 10 11 12 13 14 15 16 17 18 19 20 231 
231 2 3 4 5 6 7 8 9 10 11 12 13 14 15 16 17 18 19 231 
231 1 2 3 4 5 6 7 8 9 10 11 12 13 14 15 16 17 18 231 
231 0 462 462 462 231 7 8 9 10 11 12 13 14 15 16 17 18 19 231 
231 1 2 3 4 5 6 7 8 9 10 11 12 13 14 15 16 17 18 231 
231 2 3 4 5 6 7 8 9 10 11 12 13 14 15 16 17 18 19 231 
231 3 4 5 6 7 8 9 10 11 12 13 14 15 16 17 18 19 20 231 
231 4 5 6 7 8 9 10 11 12 13 14 15 16 17 18 19 20 21 231 
231 231 231 231 231 231 231 231 231 231 231 231 231 231 231 231 231 231 231 231 
# # # # # # # # # # # # # # # # # # # # 
# 3 4 5 6 7 8 9 10 11 12 13 14 15 16 17 18 19 20 # 
# 2 3 4 5 6 7 8 9 10 11 12 13 14 15 16 17 18 19 # 
# 1 2 3 4 5 6 7 8 9 10 11 12 13 14 15 16 17 18 # 
# 0 + * - # 7 8 9 10 11 12 13 14 15 16 17 18 19 # 
# 1 2 3 4 5 6 7 8 9 10 11 12 13 14 15 16 17 18 # 
# 2 3 4 5 6 7 8 9 10 11 12 13 14 15 16 17 18 19 # 
# 3 4 5 6 7 8 9 10 11 12 13 14 15 16 17 18 19 20 # 
# 4 5 6 7 8 9 10 11 12 13 14 15 16 17 18 19 20 21 # 
